0 2.1193554401397705 1.0991113185882568 -0.9902275800704956
1 4.881650924682617 3.629030704498291 -0.9973068833351135
2 5.348286151885986 4.230219841003418 -0.9927583932876587
3 5.533316135406494 3.947150707244873 -0.9905818700790405
4 7.794294834136963 3.9990148544311523 -0.9932692646980286
5 11.7484712600708 4.440955638885498 -0.9974866509437561
6 15.844976425170898 4.90455961227417 -0.9975427985191345
7 19.916357040405273 5.247323513031006 -0.9975553154945374
8 23.959745407104492 5.024353504180908 -0.9975427985191345
9 27.607666015625 4.795334339141846 -0.99754399061203
10 30.776535034179688 4.596264362335205 -0.99754399061203
11 34.45123291015625 4.365418434143066 -0.99754399061203
12 37.71828842163086 4.160180568695068 -0.99754399061203
13 41.318603515625 3.9340062141418457 -0.99754399061203
14 44.64192581176758 3.7231664657592773 -0.9976024627685547
15 47.43953323364258 2.7155749797821045 -0.9972156286239624
16 49.646385192871094 1.3626378774642944 -0.9985951781272888
17 52.02576446533203 0.9231884479522705 -0.9982197880744934
18 53.91944122314453 1.541741967201233 -0.9977043867111206
19 55.337318420410156 2.798807382583618 -0.9972351789474487
20 56.8223762512207 3.78631591796875 -0.9977418780326843
21 58.24838638305664 4.270719051361084 -0.9973065853118896
22 60.46643829345703 4.777382850646973 -0.9976332783699036
23 63.75675582885742 5.0350141525268555 -0.9975240230560303
24 66.90776824951172 5.19704532623291 -0.9975444674491882
25 69.72256469726562 5.34049129486084 -0.9975444674491882
26 72.10293579101562 5.461798667907715 -0.9975444674491882
27 74.89689636230469 5.604183197021484 -0.9975444674491882
28 77.64920043945312 5.550078392028809 -0.9975159168243408
29 80.36282348632812 5.344132423400879 -0.9975429177284241
30 82.99907684326172 5.137666702270508 -0.9975447654724121
31 85.92098236083984 4.908689975738525 -0.9975447654724121
32 88.88455200195312 4.676450252532959 -0.997545063495636
33 91.4047622680664 4.478952407836914 -0.997545063495636
34 93.09437561035156 4.348764419555664 -0.995571494102478
35 94.52500915527344 4.43452262878418 -0.9978636503219604
